cam0:
  cam_overlaps: [1]
  camera_model: omni
  distortion_coeffs: [-0.22597516961779454, -1.613310584098292, 4.971494638527191e-05, 0.0010337200848158303]
  distortion_model: radtan
  intrinsics: [2.186276335134348, 2218.568242932733, 2217.6128820611225, 338.28436027548435, 250.35739663321422]
  resolution: [640, 480]
  rostopic: /cam0/image_raw
cam1:
  T_cn_cnm1:
  - [0.999973838438089, 0.0019974618817980277, 0.006952164081993469, 0.1031308680808347]
  - [-0.0019949605740288033, 0.9999979428279375, -0.00036670451113429963, -0.000593899202902484]
  - [-0.006952882258478629, 0.0003528256243237729, 0.9999757661775489, 0.0013007486340683757]
  - [0.0, 0.0, 0.0, 1.0]
  cam_overlaps: [0]
  camera_model: omni
  distortion_coeffs: [-0.44128532972520634, 0.23729951315708894, 0.00102211933424831, -0.0021858707519709676]
  distortion_model: radtan
  intrinsics: [0.25006679199452747, 838.0461279031123, 837.8736513510903, 319.3510527482019, 237.86936086927463]
  resolution: [640, 480]
  rostopic: /cam2/image_raw
